0.05 2 1
64
0.542747 0.408745
0.537194 0.344116
0.495833 0.633931
0.388213 0.187866
0.606051 0.407866
0.626514 0.353467
0.846419 0.566152
0.891452 0.180273
0.546113 0.40791
0.571175 0.40791
0.495218 0.622402
0.712376 0.650181
0.543333 0.403003
0.559229 0.385088
0.502409 0.600874
0.588643 0.471196
0.563923 0.383237
0.575342 0.378882
0.599352 0.458516
0.702253 0.391523
0.580651 0.383516
0.594938 0.388145
0.733428 0.405967
0.790033 0.428188
0.599476 0.394253
0.605247 0.409487
0.79889 0.44583
0.839261 0.557681
0.578952 0.414717
0.604938 0.413467
0.730247 0.649302
0.831729 0.578281
0.45167 0.404995
0.466699 0.346245
0.137689 0.66666
0.134603 0.321245
0.452161 0.408281
0.422441 0.405181
0.140312 0.676475
0.0135221 0.725547
0.454447 0.403003
0.43568 0.38041
0.138304 0.667124
0.0644173 0.552261
0.540742 0.350645
0.596175 0.355273
0.402747 0.184858
0.715957 0.195645
0.601019 0.357773
0.619199 0.355273
0.727409 0.202495
0.882161 0.188281
0.54139 0.340132
0.601761 0.325923
0.394756 0.153979
0.708981 0.0162939
0.608333 0.328374
0.620742 0.342358
0.750833 0.0237451
0.867962 0.130874
0.466081 0.342725
0.433675 0.319531
0.134694 0.271382
0.0128743 0.206245
